392.69 402.32 410.94 418.78 426.12 433.42 439.92 446.11 451.65 457.09 462.24 467.21 471.99 476.57 480.96 485.14 489.14 492.99 496.72 500.28 503.68
402.54 412.17 420.78 428.12 435.42 441.92 448.11 453.65 459.09 464.24 469.21 473.99 478.57 482.96 487.14 491.14 494.99 498.72 502.28 505.68 508.92
411.89 421.51 430.12 437.42 443.92 450.11 455.65 461.09 466.24 471.21 475.99 480.57 484.96 489.14 493.14 496.99 500.72 504.28 507.68 510.92 513.99
420.41 430.04 438.64 445.92 452.11 457.65 463.09 468.24 473.21 477.99 482.57 486.96 491.14 495.14 498.99 502.72 506.28 509.68 512.92 515.99 518.87
428.04 437.61 446.21 453.47 459.61 465.09 470.24 475.21 479.99 484.57 488.96 493.14 497.14 500.99 504.72 508.28 511.68 514.92 517.99 520.87 523.51
435.61 444.29 452.88 460.11 466.20 471.61 476.68 481.54 486.23 490.71 495.00 499.09 502.99 506.72 510.28 513.68 516.92 519.99 522.87 525.51 527.88
442.29 450.88 458.80 465.99 472.03 477.36 482.33 487.10 491.67 496.06 500.24 504.23 508.03 511.66 515.13 518.43 521.57 524.55 527.33 529.88 532.11
448.88 456.80 464.12 471.28 477.24 482.48 487.36 492.02 496.49 500.77 504.86 508.74 512.45 515.98 519.35 522.56 525.61 528.50 531.19 533.65 535.80
454.80 462.12 469.28 476.07 481.97 487.12 491.88 496.44 500.81 504.98 508.97 512.76 516.37 519.81 523.09 526.21 529.17 531.97 534.58 536.96 539.03
460.12 467.28 474.07 480.47 486.28 491.33 496.00 500.44 504.70 508.77 512.66 516.35 519.87 523.22 526.41 529.44 532.32 535.04 537.57 539.88 541.89
465.28 472.07 478.47 484.51 490.26 495.21 499.75 504.08 508.24 512.20 515.99 519.59 523.01 526.27 529.38 532.33 535.13 537.77 540.23 542.46 544.42
470.07 476.47 482.51 488.26 493.93 498.78 503.21 507.42 511.46 515.33 519.01 522.51 525.84 529.02 532.04 534.91 537.63 540.20 542.59 544.76 546.65
474.47 480.51 486.26 491.93 497.34 502.08 506.40 510.50 514.42 518.18 521.75 525.16 528.40 531.48 534.42 537.21 539.86 542.36 544.68 546.79 548.63
478.51 484.26 489.93 495.34 500.50 505.14 509.35 513.32 517.13 520.78 524.25 527.56 530.71 533.70 536.56 539.27 541.84 544.27 546.53 548.58 550.38
482.26 487.93 493.34 498.50 503.44 507.98 512.06 515.92 519.61 523.14 526.51 529.72 532.78 535.69 538.46 541.10 543.60 545.96 548.16 550.16 551.90
485.93 491.34 496.50 501.44 506.15 510.59 514.55 518.29 521.86 525.28 528.54 531.65 534.62 537.44 540.14 542.70 545.14 547.44 549.58 551.53 553.23
489.34 494.50 499.44 504.15 508.63 512.96 516.81 520.42 523.87 527.18 530.34 533.36 536.23 538.98 541.60 544.09 546.46 548.70 550.79 552.69 554.35
492.50 497.44 502.15 506.63 510.96 515.08 518.82 522.30 525.64 528.83 531.90 534.82 537.61 540.28 542.83 545.26 547.58 549.77 551.81 553.67 555.29
495.44 500.15 504.63 508.96 513.08 516.91 520.53 523.91 527.13 530.22 533.19 536.03 538.75 541.35 543.84 546.22 548.48 550.62 552.62 554.45 556.04
498.15 502.63 506.96 511.08 514.91 518.53 521.93 525.20 528.32 531.33 534.22 536.99 539.64 542.18 544.62 546.95 549.17 551.28 553.25 555.04 556.61
500.63 504.96 509.08 512.91 516.53 519.93 523.20 526.32 529.33 532.22 534.99 537.68 540.29 542.78 545.18 547.48 549.67 551.75 553.69 555.47 557.02